WeaponPath:gameData/Weapons/groundModels_weapons/105mm_M68A1_user_cannon.blkx
ZoomIn:9.21
ZoomOut:10.0
HasLaser

Name:105mm_m456a2
Type:heat_fs_tank
BulletMass:10.5
BallisticCaliber:0.105
Speed:1173.5
Cx:0.52416
ExplosiveMass:0.97
ExplosiveType:comp_b
ArmorPower:400.0

Name:105mm_m393a2
Type:hesh_tank
BulletMass:11.2
BallisticCaliber:0.105
Speed:731.5
Cx:0.69212
ExplosiveMass:2.99371
ExplosiveType:comp_a
ArmorPower:127.0

Name:105mm_m735
Type:apds_fs_tungsten_l10_l15_tank
BulletMass:3.719457
BallisticCaliber:0.035
Speed:1501.14
Cx:0.2925
DamageCaliber:0.03175
APDS0:292.4
APDS100:290.6
APDS500:284.0
APDS1000:275.0
APDS1500:265.9
APDS2000:256.5
APDS2500:246.7
APDS3000:236.7
APDS4000:215.5
APDS10000:50.0

Name:105mm_m416
Type:smoke_tank
BulletMass:11.6
BallisticCaliber:0.105
Speed:731.5
Cx:0.68423
ExplosiveMass:0.05
ExplosiveType:smoke_composition
DamageMass:0.57

Name:105mm_dm63
Type:apds_fs_long_l30_tank
BulletMass:4.4
BallisticCaliber:0.024
Speed:1455.0
Cx:0.53008
DamageCaliber:0.024
APDS0:430.0
APDS100:427.4
APDS500:420.0
APDS1000:409.3
APDS1500:400.3
APDS2000:390.2
APDS3000:369.8
APDS10000:5.0