WeaponPath:gameData/Weapons/groundModels_weapons/105mm_FMK4_Modelo_1L_2C_user_cannon.blkx
ZoomIn:7.37
ZoomOut:24.7
HasLaser

Name:105mm_dm12
Type:heat_fs_tank
BulletMass:10.5
BallisticCaliber:0.105
Speed:1173.5
Cx:0.52416
ExplosiveMass:0.97
ExplosiveType:comp_b
ArmorPower:400.0

Name:105mm_dm502
Type:hesh_tank
BulletMass:11.2
BallisticCaliber:0.105
Speed:731.5
Cx:0.69212
ExplosiveMass:2.99371
ExplosiveType:comp_a
ArmorPower:127.0

Name:105mm_dm33
Type:apds_fs_long_tank
BulletMass:3.79
BallisticCaliber:0.033
Speed:1455.0
Cx:0.24
DamageCaliber:0.033
APDS0:408.0
APDS100:405.0
APDS500:398.0
APDS1000:389.0
APDS1500:379.0
APDS2000:370.0
APDS3000:355.0
APDS10000:10.0

Name:105mm_dm63
Type:apds_fs_long_l30_tank
BulletMass:4.4
BallisticCaliber:0.024
Speed:1455.0
Cx:0.53008
DamageCaliber:0.024
APDS0:430.0
APDS100:427.4
APDS500:420.0
APDS1000:409.3
APDS1500:400.3
APDS2000:390.2
APDS3000:369.8
APDS10000:5.0