WeaponPath:gameData/Weapons/groundModels_weapons/105mm_L7A3_Radpanzer_user_cannon.blkx
ZoomIn:6.14
ZoomOut:18.5
HasLaser

Name:105mm_dm12
Type:heat_fs_tank
BulletMass:10.5
BallisticCaliber:0.105
Speed:1173.5
Cx:0.52416
ExplosiveMass:0.97
ExplosiveType:comp_b
ArmorPower:400.0

Name:105mm_dm502
Type:hesh_tank
BulletMass:11.2
BallisticCaliber:0.105
Speed:731.5
Cx:0.69212
ExplosiveMass:2.99371
ExplosiveType:comp_a
ArmorPower:127.0

Name:105mm_dm23
Type:apds_fs_tungsten_l10_l15_tank
BulletMass:4.2
BallisticCaliber:0.033
Speed:1455.0
Cx:0.26763
DamageCaliber:0.033
APDS0:337.0
APDS100:335.0
APDS500:330.0
APDS1000:322.0
APDS1500:314.0
APDS2000:306.0
APDS3000:290.0
APDS10000:10.0

Name:105mm_dm33
Type:apds_fs_long_tank
BulletMass:3.79
BallisticCaliber:0.033
Speed:1455.0
Cx:0.24
DamageCaliber:0.033
APDS0:408.0
APDS100:405.0
APDS500:398.0
APDS1000:389.0
APDS1500:379.0
APDS2000:370.0
APDS3000:355.0
APDS10000:10.0