WeaponPath:gameData/Weapons/groundModels_weapons/105mm_OTO_Melara_ROMOR_user_cannon.blkx
ZoomIn:6.141
ZoomOut:9.217
HasLaser

Name:105mm_m456
Type:heat_fs_tank
BulletMass:10.5
BallisticCaliber:0.105
Speed:1173.5
Cx:0.52416
ExplosiveMass:0.97
ExplosiveType:comp_b
ArmorPower:400.0

Name:105mm_m393a2
Type:hesh_tank
BulletMass:11.2
BallisticCaliber:0.105
Speed:731.5
Cx:0.69212
ExplosiveMass:2.99371
ExplosiveType:comp_a
ArmorPower:127.0

Name:105mm_m735
Type:apds_fs_tungsten_l10_l15_tank
BulletMass:3.719457
BallisticCaliber:0.035
Speed:1501.14
Cx:0.2925
DamageCaliber:0.03175
APDS0:292.4
APDS100:290.6
APDS500:284.0
APDS1000:275.0
APDS1500:265.9
APDS2000:256.5
APDS2500:246.7
APDS3000:236.7
APDS4000:215.5
APDS10000:50.0

Name:105mm_m416
Type:smoke_tank
BulletMass:11.6
BallisticCaliber:0.105
Speed:731.5
Cx:0.68423
ExplosiveMass:0.05
ExplosiveType:smoke_composition
DamageMass:0.57

Name:105mm_dm23
Type:apds_fs_tungsten_l10_l15_tank
BulletMass:4.2
BallisticCaliber:0.033
Speed:1455.0
Cx:0.26763
DamageCaliber:0.033
APDS0:337.0
APDS100:335.0
APDS500:330.0
APDS1000:322.0
APDS1500:314.0
APDS2000:306.0
APDS3000:290.0
APDS10000:10.0