WeaponPath:gameData/Weapons/groundModels_weapons/120mm_Rheinmetall_L44_user_cannon.blkx
ZoomIn:6.14
ZoomOut:18.5
HasLaser

Name:120mm_dm12
Type:heat_fs_tank
BulletMass:13.5
BallisticCaliber:0.12
Speed:1140.0
Cx:0.55327
ExplosiveMass:1.64
ExplosiveType:comp_b
ArmorPower:480.0

Name:120mm_dm12
Type:heat_fs_tank
BulletMass:13.5
BallisticCaliber:0.12
Speed:1140.0
Cx:0.55327
ExplosiveMass:1.64
ExplosiveType:comp_b
ArmorPower:480.0

Name:120mm_dm13
Type:apds_fs_tungsten_l10_l15_tank
BulletMass:4.436
BallisticCaliber:0.032
Speed:1650.0
Cx:0.41106
DamageCaliber:0.032
APDS0:393.0
APDS100:390.0
APDS500:384.0
APDS1000:376.0
APDS1500:367.0
APDS2000:359.0
APDS3000:341.0
APDS10000:5.0

Name:120mm_dm23
Type:apds_fs_long_tank
BulletMass:4.3
BallisticCaliber:0.032
Speed:1640.0
Cx:0.33
DamageCaliber:0.032
APDS0:410.0
APDS100:408.0
APDS500:401.0
APDS1000:393.0
APDS1500:384.0
APDS2000:376.0
APDS3000:360.0
APDS10000:5.0