WeaponPath:gameData/Weapons/groundModels_weapons/120mm_TKG_user_cannon.blkx
ZoomIn:5.54
ZoomOut:18.5
HasLaser

Name:120mm_jm12a1
Type:heat_fs_tank
BulletMass:13.5
BallisticCaliber:0.12
Speed:1140.0
Cx:0.55327
ExplosiveMass:1.64
ExplosiveType:comp_b
ArmorPower:480.0

Name:120mm_jm12a1
Type:heat_fs_tank
BulletMass:13.5
BallisticCaliber:0.12
Speed:1140.0
Cx:0.55327
ExplosiveMass:1.64
ExplosiveType:comp_b
ArmorPower:480.0

Name:120mm_jm33
Type:apds_fs_long_tank
BulletMass:4.3
BallisticCaliber:0.025
Speed:1640.0
Cx:0.55
DamageCaliber:0.025
APDS0:481.0
APDS100:478.0
APDS500:470.0
APDS1000:461.0
APDS1500:450.0
APDS2000:440.0
APDS3000:430.0
APDS10000:5.0

Name:120mm_type_10
Type:apds_fs_long_l30_tank
BulletMass:4.2
BallisticCaliber:0.024
Speed:1780.0
Cx:0.58
DamageCaliber:0.024
APDS0:615.0
APDS100:613.0
APDS500:604.0
APDS1000:592.0
APDS1500:582.0
APDS2000:571.0
APDS3000:547.0
APDS10000:5.0