WeaponPath:gameData/Weapons/groundModels_weapons/105mm_JSW_user_cannon.blkx
ZoomIn:5.54
ZoomOut:18.5
HasLaser

Name:105mm_type91
Type:heat_fs_tank
BulletMass:9.4
BallisticCaliber:0.105
Speed:1150.0
Cx:0.52416
ExplosiveMass:1.2
ExplosiveType:comp_b
ArmorPower:400.0

Name:105mm_type75
Type:hesh_tank
BulletMass:10.8
BallisticCaliber:0.105
Speed:760.0
Cx:0.69212
ExplosiveMass:2.7
ExplosiveType:comp_a
ArmorPower:127.0

Name:105mm_m735
Type:apds_fs_tungsten_l10_l15_tank
BulletMass:3.719457
BallisticCaliber:0.035
Speed:1501.14
Cx:0.2925
DamageCaliber:0.03175
APDS0:292.4
APDS100:290.6
APDS500:284.0
APDS1000:275.0
APDS1500:265.9
APDS2000:256.5
APDS2500:246.7
APDS3000:236.7
APDS4000:215.5
APDS10000:50.0

Name:105mm_m416
Type:smoke_tank
BulletMass:11.6
BallisticCaliber:0.105
Speed:731.5
Cx:0.68423
ExplosiveMass:0.05
ExplosiveType:smoke_composition
DamageMass:0.57