WeaponPath:gameData/Weapons/groundModels_weapons/120mm_kan_Strv_121_user_cannon.blkx
ZoomIn:6.14
ZoomOut:18.5
HasLaser

Name:120mm_dm13
Type:apds_fs_tungsten_l10_l15_tank
BulletMass:4.436
BallisticCaliber:0.032
Speed:1650.0
Cx:0.41106
DamageCaliber:0.032
APDS0:393.0
APDS100:390.0
APDS500:384.0
APDS1000:376.0
APDS1500:367.0
APDS2000:359.0
APDS3000:341.0
APDS10000:5.0

Name:120mm_dm13
Type:apds_fs_tungsten_l10_l15_tank
BulletMass:4.436
BallisticCaliber:0.032
Speed:1650.0
Cx:0.41106
DamageCaliber:0.032
APDS0:393.0
APDS100:390.0
APDS500:384.0
APDS1000:376.0
APDS1500:367.0
APDS2000:359.0
APDS3000:341.0
APDS10000:5.0

Name:120mm_slsgr_m95
Type:he_frag_fs_tank
BulletMass:17.5
BallisticCaliber:0.12
Speed:736.0
Cx:0.66
ExplosiveMass:2.7
ExplosiveType:comp_b
demarrePenetrationK:0.15
demarreSpeedPow:1.43
demarreMassPow:0.71
demarreCaliberPow:1.07

Name:120mm_dm23
Type:apds_fs_long_tank
BulletMass:4.3
BallisticCaliber:0.032
Speed:1640.0
Cx:0.33
DamageCaliber:0.032
APDS0:410.0
APDS100:408.0
APDS500:401.0
APDS1000:393.0
APDS1500:384.0
APDS2000:376.0
APDS3000:360.0
APDS10000:5.0