WeaponPath:gameData/Weapons/groundModels_weapons/120mm_L30A1_user_cannon.blkx
ZoomIn:7.37
ZoomOut:18.5
HasLaser

Name:120mm_l23a1
Type:apds_fs_long_tank
BulletMass:3.89
BallisticCaliber:0.029
Speed:1535.0
Cx:0.34982
DamageCaliber:0.029
APDS0:396.0
APDS100:394.0
APDS500:387.0
APDS1000:376.0
APDS1500:367.0
APDS2000:357.0
APDS3000:345.0
APDS10000:10.0

Name:120mm_l37a7
Type:hesh_tank
BulletMass:17.34
BallisticCaliber:0.12
Speed:670.0
Cx:0.70234
ExplosiveMass:4.08
ExplosiveType:rdx
ArmorPower:152.0

Name:120mm_smoke_l34
Type:smoke_tank
BulletMass:17.1
BallisticCaliber:0.12
Speed:670.0
Cx:0.70234
ExplosiveMass:0.05
ExplosiveType:smoke_composition
DamageMass:0.855

Name:120mm_l26
Type:apds_fs_long_tank
BulletMass:4.3
BallisticCaliber:0.0267
Speed:1650.0
Cx:0.45126
DamageCaliber:0.0267
APDS0:493.0
APDS100:491.0
APDS500:487.0
APDS1000:481.0
APDS1500:474.0
APDS2000:468.0
APDS3000:455.0
APDS10000:10.0

Name:120mm_l27a1
Type:apds_fs_long_l30_tank
BulletMass:4.3
BallisticCaliber:0.025
Speed:1650.0
Cx:0.44426
DamageCaliber:0.025
APDS0:564.0
APDS100:562.0
APDS500:557.0
APDS1000:551.0
APDS1500:545.0
APDS2000:538.0
APDS3000:497.0
APDS10000:5.0