WeaponPath:gameData/Weapons/groundModels_weapons/120mm_L11A5_Mk3_Vickers_user_cannon.blkx
ZoomIn:6.14
ZoomOut:18.5
HasLaser

Name:120mm_l23a1
Type:apds_fs_long_tank
BulletMass:3.89
BallisticCaliber:0.029
Speed:1535.0
Cx:0.34982
DamageCaliber:0.029
APDS0:396.0
APDS100:394.0
APDS500:387.0
APDS1000:376.0
APDS1500:367.0
APDS2000:357.0
APDS3000:345.0
APDS10000:10.0

Name:120mm_l37a7
Type:hesh_tank
BulletMass:17.34
BallisticCaliber:0.12
Speed:670.0
Cx:0.70234
ExplosiveMass:4.08
ExplosiveType:rdx
ArmorPower:152.0

Name:120mm_smoke_l34
Type:smoke_tank
BulletMass:17.1
BallisticCaliber:0.12
Speed:670.0
Cx:0.70234
ExplosiveMass:0.05
ExplosiveType:smoke_composition
DamageMass:0.855

Name:120mm_l26
Type:apds_fs_long_tank
BulletMass:4.3
BallisticCaliber:0.0267
Speed:1550.0
Cx:0.45126
DamageCaliber:0.0267
APDS0:471.0
APDS100:469.0
APDS500:464.0
APDS1000:458.0
APDS1500:450.0
APDS2000:444.0
APDS3000:429.0
APDS10000:5.0