WeaponPath:gameData/Weapons/groundModels_weapons/105mm_LRF_user_cannon.blkx
ZoomIn:7.37
ZoomOut:7.37
HasLaser

Name:105mm_m456a2
Type:heat_fs_tank
BulletMass:10.5
BallisticCaliber:0.105
Speed:1173.5
Cx:0.52416
ExplosiveMass:0.97
ExplosiveType:comp_b
ArmorPower:400.0

Name:105mm_m393a2
Type:hesh_tank
BulletMass:11.2
BallisticCaliber:0.105
Speed:731.5
Cx:0.69212
ExplosiveMass:2.99371
ExplosiveType:comp_a
ArmorPower:127.0

Name:105mm_c76a1
Type:apds_fs_long_tank
BulletMass:3.6
BallisticCaliber:0.026
Speed:1509.0
Cx:0.45
DamageCaliber:0.026
APDS0:353.0
APDS100:349.0
APDS500:342.0
APDS1000:333.0
APDS1500:324.0
APDS2000:314.0
APDS3000:285.0
APDS10000:10.0