WeaponPath:gameData/Weapons/groundModels_weapons/120mm_M256_M1A2_user_cannon.blkx
ZoomIn:7.37
ZoomOut:24.7
HasLaser

Name:120mm_m830
Type:heat_fs_tank
BulletMass:13.1
BallisticCaliber:0.12
Speed:1140.0
Cx:0.54652
ExplosiveMass:1.64
ExplosiveType:comp_a
ArmorPower:480.0

Name:120mm_m829
Type:apds_fs_long_tank
BulletMass:4.268304
BallisticCaliber:0.027
Speed:1670.0
Cx:0.46031
DamageCaliber:0.027
APDS0:491.0
APDS100:488.0
APDS500:481.0
APDS1000:473.0
APDS1500:464.0
APDS2000:454.0
APDS3000:435.0
APDS10000:5.0

Name:120mm_m830a1
Type:heat_mp_vt_tank
BulletMass:11.4
BallisticCaliber:0.08
Speed:1410.0
Cx:0.63402
ExplosiveMass:1.38
ExplosiveType:comp_a
ArmorPower:350.0

Name:120mm_m829a2
Type:apds_fs_long_l30_tank
BulletMass:4.921
BallisticCaliber:0.022
Speed:1680.0
Cx:0.76874
DamageCaliber:0.022
APDS0:629.0
APDS100:627.0
APDS500:619.0
APDS1000:610.0
APDS1500:601.0
APDS2000:590.0
APDS3000:570.0
APDS4000:546.0
APDS10000:5.0