WeaponPath:gameData/Weapons/groundModels_weapons/105mm_M68A1_E8_user_cannon.blkx
ZoomIn:7.37
ZoomOut:22.46
HasLaser

Name:105mm_m456a2
Type:heat_fs_tank
BulletMass:10.5
BallisticCaliber:0.105
Speed:1173.5
Cx:0.52416
ExplosiveMass:0.97
ExplosiveType:comp_b
ArmorPower:400.0

Name:105mm_m774
Type:apds_fs_long_tank
BulletMass:3.4
BallisticCaliber:0.026
Speed:1509.0
Cx:0.45
DamageCaliber:0.026
APDS0:372.0
APDS100:370.0
APDS500:365.0
APDS1000:358.0
APDS1500:351.0
APDS2000:343.0
APDS3000:328.0
APDS10000:5.0

Name:105mm_m900
Type:apds_fs_long_l30_tank
BulletMass:3.85
BallisticCaliber:0.023
Speed:1505.0
Cx:0.55254
DamageCaliber:0.023
APDS0:522.0
APDS100:519.0
APDS500:513.0
APDS1000:504.0
APDS1500:495.0
APDS2000:486.0
APDS3000:468.0
APDS10000:5.0