WeaponPath:gameData/Weapons/groundModels_weapons/105mm_M68A1_IP_user_cannon.blkx
ZoomIn:7.37
ZoomOut:24.7
HasLaser

Name:105mm_m456a2
Type:heat_fs_tank
BulletMass:10.5
BallisticCaliber:0.105
Speed:1173.5
Cx:0.52416
ExplosiveMass:0.97
ExplosiveType:comp_b
ArmorPower:400.0

Name:105mm_m393a2
Type:hesh_tank
BulletMass:11.2
BallisticCaliber:0.105
Speed:731.5
Cx:0.69212
ExplosiveMass:2.99371
ExplosiveType:comp_a
ArmorPower:127.0

Name:105mm_m416
Type:smoke_tank
BulletMass:11.6
BallisticCaliber:0.105
Speed:731.5
Cx:0.68423
ExplosiveMass:0.05
ExplosiveType:smoke_composition
DamageMass:0.57

Name:105mm_m900
Type:apds_fs_long_l30_tank
BulletMass:3.85
BallisticCaliber:0.023
Speed:1505.0
Cx:0.55254
DamageCaliber:0.023
APDS0:522.0
APDS100:519.0
APDS500:513.0
APDS1000:504.0
APDS1500:495.0
APDS2000:486.0
APDS3000:468.0
APDS10000:5.0

Name:105mm_m833
Type:apds_fs_long_tank
BulletMass:3.7
BallisticCaliber:0.024
Speed:1485.0
Cx:0.45
DamageCaliber:0.024
APDS0:395.0
APDS100:392.0
APDS500:387.0
APDS1000:381.0
APDS1500:375.0
APDS2000:369.0
APDS3000:357.0
APDS10000:5.0